--------------------------------------------------------------------------------
Command:            ../../build/tools/caffe time -model deploy.prototxt -weights train_iter_500.caffemodel -iterations 1
Massif arguments:   (none)
ms_print arguments: massif.out.3187
--------------------------------------------------------------------------------


    MB
33.41^                                                                       #
     |                                                            :::::::::::#
     |                                                            :          #
     |                                                      :::::::          #
     |                                                     ::     :          #
     |                             @::::::::::::::::@::::::::     :          #
     |                             @            :   @     :::     :          #
     |                             @            :   @     :::     :          #
     |                             @            :   @     :::     :          #
     |                      @@@@@@@@            :   @     :::     :          #
     |                  @@@@@      @            :   @     :::     :          #
     |                  @   @      @            :   @     :::     :          #
     |                  @   @      @            :   @     :::     :          #
     |                  @   @      @            :   @     :::     :          #
     |                  @   @      @            :   @     :::     :          #
     |                  @   @      @            :   @     :::     :          #
     |                  @   @      @            :   @     :::     :          #
     |                  @   @      @            :   @     :::     :          #
     |                  @   @      @            :   @     :::     :          #
     |     :::::::::::::@   @      @            :   @     :::     :          #
   0 +----------------------------------------------------------------------->Mi
     0                                                                   448.1

Number of snapshots: 67
 Detailed snapshots: [8, 9, 12, 13, 15, 21, 23, 25, 33, 48 (peak), 58]

--------------------------------------------------------------------------------
  n        time(i)         total(B)   useful-heap(B) extra-heap(B)    stacks(B)
--------------------------------------------------------------------------------
  0              0                0                0             0            0
  1     24,481,824           72,712           72,704             8            0
  2     25,095,488          125,992          125,363           629            0
  3     25,529,468          181,456          180,519           937            0
  4     27,385,004          181,592          180,643           949            0
  5     28,243,012          282,960          281,755         1,205            0
  6     29,247,443          404,944          403,295         1,649            0
  7     30,070,566          505,256          501,858         3,398            0
  8     30,548,331          545,304          534,998        10,306            0
  9     31,247,191          565,376          551,659        13,717            0
 10     32,270,613          559,160          547,305        11,855            0
 11     32,933,242          701,016          667,589        33,427            0
 12     33,530,340          818,008          768,737        49,271            0
 13     34,528,201        1,020,888          942,344        78,544            0
 14     35,513,309        1,025,840          944,553        81,287            0
 15     36,275,793        1,166,136        1,079,335        86,801            0
 16     36,794,695        1,424,888        1,336,211        88,677            0
 17     37,413,514        1,695,128        1,602,867        92,261            0
 18     39,079,784        3,297,352        3,204,623        92,729            0
 19     39,663,158        3,274,000        3,182,987        91,013            0
 20    121,699,515       18,019,024       17,924,083        94,941            0
 21    121,699,787       18,019,024       17,924,083        94,941            0
 22    148,051,667       20,150,656       20,055,671        94,985            0
 23    148,051,845       20,150,680       20,055,679        95,001            0
 24    189,897,598       26,523,232       26,425,683        97,549            0
 25    189,897,870       26,523,232       26,425,683        97,549            0
 26    191,577,918       26,652,848       26,555,271        97,577            0
 27    193,737,261       26,907,680       26,810,083        97,597            0
 28    193,920,266       26,916,080       26,818,467        97,613            0
 29    195,432,607       26,916,104       26,818,475        97,629            0
 30    195,618,343       26,916,456       26,818,715        97,741            0
 31    277,640,982       26,916,432       26,818,711        97,721            0
 32    277,641,696       26,916,392       26,818,695        97,697            0
 33    303,996,004       26,916,432       26,818,699        97,733            0
 34    304,002,991       26,916,456       26,818,715        97,741            0
 35    345,850,949       26,916,432       26,818,711        97,721            0
 36    345,851,663       26,916,392       26,818,695        97,697            0
 37    347,535,721       26,916,432       26,818,699        97,733            0
 38    347,538,004       26,916,456       26,818,715        97,741            0
 39    349,699,516       26,916,432       26,818,711        97,721            0
 40    349,886,604       26,916,432       26,818,711        97,721            0
 41    351,407,003       26,916,432       26,818,703        97,729            0
 42    351,816,404       28,849,160       28,751,319        97,841            0
 43    353,640,221       29,099,384       29,001,519        97,865            0
 44    353,640,492       30,410,216       30,312,319        97,897            0
 45    394,814,564       30,434,648       30,336,719        97,929            0
 46    394,814,835       35,001,192       34,901,719        99,473            0
 47    469,238,534       35,031,928       34,932,423        99,505            0
 48    469,250,818       35,031,928       34,932,423        99,505            0
 49    469,790,528          582,288          505,671        76,617            0
 50    469,792,539          582,176          505,591        76,585            0
 51    469,865,891          581,088          504,527        76,561            0
 52    469,866,317          580,040          503,487        76,553            0
 53    469,866,743          578,992          502,447        76,545            0
 54    469,867,169          577,944          501,407        76,537            0
 55    469,867,595          576,880          500,367        76,513            0
 56    469,868,021          575,832          499,327        76,505            0
 57    469,868,447          574,784          498,287        76,497            0
 58    469,868,873          573,736          497,247        76,489            0
 59    469,869,299          572,688          496,207        76,481            0
 60    469,869,725          571,640          495,167        76,473            0
 61    469,870,151          570,592          494,127        76,465            0
 62    469,870,577          569,544          493,087        76,457            0
 63    469,871,003          568,496          492,047        76,449            0
 64    469,873,763          564,392          487,951        76,441            0
 65    469,873,955          564,192          487,855        76,337            0
 66    469,875,630          563,496          487,170        76,326            0
